[RobotDimension]
Phi = 14.3430606798
l2 = 0.049999966335263456
l1 = 0.0018700469177867817
h2 = 3.631935153736025e-07
H = 0.4288988707113274
h1 = 0.025401715924240658
L = 0.0055589071273196
lx = 0.009449399401373624
