[ColorDefinitions]
	[[OrangeColorParameter]]
		ID = 1
		Name = orange
		RenderColor_RGB = "( 255, 128, 0 )"
		MinArea_pixels = 4
		
		H_max = 128
		H_min = 128
		S_max = 255
		S_min = 255
		V_max = 255
		V_min = 255
	
	[[FieldGreenColorParameter]]
		ID = 2
		Name = green
		RenderColor_RGB = "( 0, 128, 0 )"
		MinArea_pixels = 100
		
		H_max = 67
		H_min = 32
		S_max = 255
		S_min = 57
		V_max = 255
		V_min = 81
	
	[[BlueColorParameter]]
		ID = 3
		Name = blue
		RenderColor_RGB = "( 0, 0, 255 )"
		MinArea_pixels = 100
		
		H_max = 128
		H_min = 128
		S_max = 255
		S_min = 255
		V_max = 255
		V_min = 255
	
	[[YellowColorParameter]]
		ID = 4
		Name = yellow
		RenderColor_RGB = "( 255, 255, 0 )"
		MinArea_pixels = 100
		
		H_max = 128
		H_min = 128
		S_max = 255
		S_min = 255
		V_max = 255
		V_min = 255
	
	[[WhiteColorParameter]]
		ID = 5
		Name = white
		RenderColor_RGB = "( 255, 255, 255 )"
		MinArea_pixels = 100
		
		H_max = 179
		H_min = 45
		S_max = 67
		S_min = 0
		V_max = 255
		V_min = 92
	
	[[BlackColorParameter]]
		ID = 6
		Name = black
		RenderColor_RGB = "( 0, 0, 0 )"
		MinArea_pixels = 100
		
		H_max = 128
		H_min = 128
		S_max = 255
		S_min = 255
		V_max = 255
		V_min = 255
	
	[[MagentaColorParameter]]
		ID = 7
		Name = magenta
		RenderColor_RGB = "( 128, 0, 255 )"
		MinArea_pixels = 100
		
		
		H_max = 128
		H_min = 128
		S_max = 255
		S_min = 255
		V_max = 255
		V_min = 255
	
	[[CyanColorParameter]]
		ID = 8
		Name = cyan
		RenderColor_RGB = "( 255, 255, 0 )"
		MinArea_pixels = 100
		
		H_max = 128
		H_min = 128
		S_max = 255
		S_min = 255
		V_max = 255
		V_min = 255

[CameraParameters]
	white_balance_temperature_auto = 0
	white_balance_temperature = 6000
	exposure_auto_priority = 0
	exposure_auto = 1
	exposure_absolute = 350
	brightness = 128
	contrast = 128
	saturation = 128
	gain = 0
	sharpness = 128
	focus_auto = 0
	
	fx = 577.55352783
	fy = 580.48583984
	cx = 333.06425958
	cy = 292.04390102
	imgW = 640
	imgH = 480

[RobotDimension]
	Phi = 14.3430606798
	l2 = 0.049999966335263456
	l1 = 0.0018700469177867817
	h2 = 3.631935153736025e-07
	H = 0.4288988707113274
	h1 = 0.025401715924240658
	L = 0.0055589071273196
	lx = 0.009449399401373624

	
	
	
