[ColorDefinitions]
	[[OrangeColorParameter]]
		ID = 1
		Name = orange
		RenderColor_RGB = "( 255, 128, 0 )"
		MinArea_pixels = 4
		
		H_max = 128
		H_min = 128
		S_max = 255
		S_min = 255
		V_max = 255
		V_min = 255
	
	[[FieldGreenColorParameter]]
		ID = 2
		Name = green
		RenderColor_RGB = "( 0, 128, 0 )"
		MinArea_pixels = 100
		
		H_max = 77
		H_min = 32
		S_max = 255
		S_min = 74
		V_max = 255
		V_min = 64
	
	[[BlueColorParameter]]
		ID = 3
		Name = blue
		RenderColor_RGB = "( 0, 0, 255 )"
		MinArea_pixels = 100
		
		H_max = 128
		H_min = 128
		S_max = 255
		S_min = 255
		V_max = 255
		V_min = 255
	
	[[YellowColorParameter]]
		ID = 4
		Name = yellow
		RenderColor_RGB = "( 255, 255, 0 )"
		MinArea_pixels = 100
		
		H_max = 128
		H_min = 128
		S_max = 255
		S_min = 255
		V_max = 255
		V_min = 255
	
	[[WhiteColorParameter]]
		ID = 5
		Name = white
		RenderColor_RGB = "( 255, 255, 255 )"
		MinArea_pixels = 100
		
		H_max = 179
		H_min = 0
		S_max = 85
		S_min = 0
		V_max = 255
		V_min = 0
	
	[[BlackColorParameter]]
		ID = 6
		Name = black
		RenderColor_RGB = "( 0, 0, 0 )"
		MinArea_pixels = 100
		
		H_max = 128
		H_min = 128
		S_max = 255
		S_min = 255
		V_max = 255
		V_min = 255
	
	[[MagentaColorParameter]]
		ID = 7
		Name = magenta
		RenderColor_RGB = "( 128, 0, 255 )"
		MinArea_pixels = 100
		
		
		H_max = 128
		H_min = 128
		S_max = 255
		S_min = 255
		V_max = 255
		V_min = 255
	
	[[CyanColorParameter]]
		ID = 8
		Name = cyan
		RenderColor_RGB = "( 255, 255, 0 )"
		MinArea_pixels = 100
		
		H_max = 128
		H_min = 128
		S_max = 255
		S_min = 255
		V_max = 255
		V_min = 255

[CameraParameters]
	white_balance_temperature_auto = 0
	white_balance_temperature = 6000
	exposure_auto_priority = 0
	exposure_auto = 1
	exposure_absolute = 350
	brightness = 128
	contrast = 128
	saturation = 128
	gain = 0
	sharpness = 128
	focus_auto = 0
	
	fx = 611.4088140633287
	fy = 583.1511298465422
	cx = 352.97848396849207
	cy = 177.88174657998047
	k1 = 0.10206834229100277
	k2 = -0.07933535697880294
	k3 = -0.016419614905032017
	p1 = -0.02319569940431429
	p2 = 0.005478268693719739
	imgW = 640
	imgH = 480

[RobotDimension]
	Alpha = -2.14147377404
	Phi = 6.10700286099
	Beta = 1.6385653232
	l2 = 0.04999972017699797
	l1 = 0.024371904181486527
	h2 = 0.03500710260472715
	H = 0.4215293456486509
	h1 = 0.049978165376227304
	L = -0.06781882716220995
	lx = 0.018578127058815404

[RobotVelocity]
	max_positive_velX = 0.143
	max_negative_velX = 0.136
	
	max_register_velX = 160
	min_register_velX = 87
	
	max_positive_velY = 0.080
	max_negative_velY = 0.096
	
	max_register_velY = 157
	min_register_velY = 97
	
	max_positive_omgZ = 30.02298846485514
	max_negative_omgZ = 28.705185536054245
	
	max_register_omgZ = 147
	min_register_omgZ = 107

[VelocityParameter]
	
	OmegaZWhenRotateToBall = 0.4
	
	VelocityXWhenFollowTheBall = 0.5
	VelocityYWhenFollowTheBall = 0.0
	
	VelocityXWhenStepToKick = 1.0
	WaitingTimeAfterStep = 3.0
	
	#	Slide curve parameter
	VelocityXSlideCurve = 0.0
	VelocityYSlideCurve = 0.8
	OmegaZSlideCurve = 0.4
	WaitingTimeSlideCurve = 6.0

[ChangeStateParameter]
	
	NearestDistanceFootballWrtRobot = 0.20
	SmallDegreeToAlignTheBall = 15
	
	FindballStateTimeOut = 10.0
	WalkingStateTimeOut = 3.0

[PanTiltPlanner]
	TimeLoopForLookAtObject = 1.2
	scan_velocity = 20
	scan_pattern = '{ "basic_pattern" : [ (math.radians(-30), math.radians(0)), (math.radians(30), math.radians(0)), (math.radians(30), math.radians(30)), (math.radians(-30), math.radians(30))], "findball_pattern" : [ ( math.radians( -30 ), math.radians( 15 ) ), ( math.radians( 30 ),  math.radians( 15 ) ), ( math.radians( 30 ), math.radians( 45 ) ), ( math.radians( -30 ),  math.radians( 45 ) ) ] }'
	
	LimitTiltAngleDegree = 52
